# Channel list for superfast noise acquisition
# Format: CS row col1,col2,...
CS0 1 12,13,14
CS0 2 12,13,14
CS0 3 12,13,14
CS0 4 13,14
CS0 5 12,13,14
CS0 6 12,13,14
CS0 7 12,13,14
CS0 8 12,13
CS0 9 12,13,14

CS1 1 12,14
CS1 2 12,14,15
CS1 3 12,15
CS1 4 12,15
CS1 5 12,14,15
CS1 6 12,14,15
CS1 7 12,14,15
CS1 8 12,15

CS2 0 12,13,14
CS2 1 12,13,14
CS2 2 12,13,14,15
CS2 3 12,13,14,15
CS2 4 12,13,14,15
CS2 5 12,13,14,15
CS2 6 12,13,14,15
CS2 7 12,13,14
CS2 8 12,13

CS3 0 12,13,14
CS3 1 12,13,14
CS3 2 12,13,14
CS3 3 12,13,14
CS3 4 12,13,14
CS3 5 12,13,14
CS3 6 12,13,14
CS3 7 12,13,14
CS3 9 12,13,14

CS4 0 12,13,14
CS4 1 12,13,14
CS4 2 12,13,14
CS4 3 12,13,14
CS4 4 12,13,14
CS4 5 12,13,14
CS4 6 12,13,14
CS4 7 12,13,14
CS4 9 12,13,14

CS5 0 12,13,15
CS5 1 12,13
CS5 2 12,13,15
CS5 3 12,13,15
CS5 4 12,13,14,15
CS5 5 12,13,14,15
CS5 6 12,13,14,15
CS5 7 12,13,14
CS5 9 12,13,14,15

CS6 0 12,13,14,15
CS6 1 12,13,14
CS6 2 12,13,14,15
CS6 3 12,13,14,15
CS6 4 12,13,14,15
CS6 5 12,13,14,15
CS6 6 13,14,15
CS6 7 13,14
CS6 8 13,15
CS6 9 13,14,15